0 0
1 167 32
2 296 214
3 168 230
4 180 28
5 216 128
6 108 282
7 34 174
8 54 172
9 85 217
10 41 102
11 275 29
12 116 204
13 87 244
14 164 40
15 184 241
16 99 284
17 249 121
18 212 185
19 110 146
20 88 239
21 75 271
22 103 202
23 80 50
24 72 222
25 8 64
26 4 14
27 7 122
28 294
29 148
30 134 68
31 162
32 259
33 159
34 299 157
35 286 82
36 246
37 203
38 133
39 24
40 210
41 62
42 161
43 127
44 260
45 13
46 276
47 136
48 220
49 92
50 95
51 58
52 137
53 290
54 227
55 193
56 15
57 218
58 273
59 285
60 150
61 225
62 74
63 144
64 107
65 105
66 56
67 18
68 171
69 187
70 263
71 38
72 63
73 125
74 156
75 261
76 60
77 200
78 198
79 213
80 57
81 19
82 267
83 44
84 79
85 129
86 245
87 226
88 21
89 113
90 224
91 91
92 232
93 96
94 166
95 188
96 39
97 53
98 281
99 277
